100 300
0 6 24 8 7 17 74 6 30 12 68 13 2 5
1 2 56 14 69 15
2 3 71 11 0 10 46 17
3 7 56 12 77 9 54 6 22 2 8 8 32 2 31 16
4 5 75 14 20 6 96 10 13 12 82 13
5 1 72 2
6 2 46 21 23 6
7 3 53 5 35 5 44 6
8 3 46 12 9 15 26 7
9 4 57 20 4 12 27 11 16 14
10 4 78 10 55 3 91 11 88 4
11 0
12 1 70 12
13 4 28 18 65 1 62 14 24 8
14 5 19 -18 86 19 94 16 75 9 81 2
15 4 59 14 70 19 55 7 18 7
16 4 30 3 85 -3 23 1 54 13
17 5 47 9 55 3 86 7 58 17 2 7
18 2 97 19 17 16
19 4 84 18 25 12 10 20 38 9
20 2 23 10 58 20
21 3 31 12 8 19 3 3
22 2 87 13 16 8
23 1 40 17
24 3 64 13 81 17 78 4
25 4 32 9 65 12 77 15 81 10
26 1 48 13
27 4 6 -9 19 11 55 19 60 16
28 2 89 18 50 12
29 3 83 12 70 17 72 9
30 2 55 7 86 -13
31 2 18 17 29 14
32 3 80 4 43 13 99 18
33 4 95 11 93 19 42 2 35 7
34 1 84 12
35 4 18 7 79 4 94 18 58 15
36 3 74 2 37 19 31 7
37 1 93 6
38 4 6 4 58 8 13 18 15 2
39 5 89 2 18 13 23 8 9 9 3 17
40 8 97 18 77 8 20 16 99 20 16 15 68 12 35 10 98 10
41 2 51 20 88 11
42 2 27 13 43 6
43 5 99 17 12 11 66 19 2 8 68 11
44 9 92 10 54 14 80 18 5 20 12 17 57 16 49 1 78 12 46 18
45 4 37 13 66 6 80 12 53 17
46 2 36 5 2 18
47 4 24 3 79 11 75 4 74 5
48 2 50 5 1 11
49 2 70 -6 58 5
50 1 83 20
51 3 84 12 69 2 79 15
52 1 45 7
53 1 2 11
54 4 82 1 86 19 71 13 35 -3
55 1 1 14
56 3 61 14 48 7 67 17
57 4 1 19 73 9 84 17 35 11
58 0
59 5 73 6 19 15 55 -2 69 20 81 6
60 0
61 1 88 5
62 5 71 10 84 3 83 5 56 20 47 12
63 4 66 13 74 11 53 19 72 18
64 3 46 16 70 1 35 9
65 1 26 15
66 2 97 4 73 20
67 4 98 8 2 12 75 12 94 1
68 1 14 7
69 2 18 14 17 15
70 7 94 23 31 20 41 12 27 17 50 14 63 12 5 10
71 0
72 2 6 6 70 20
73 2 48 17 5 11
74 4 59 20 49 -17 97 6 20 -1
75 2 46 15 36 19
76 4 68 1 16 3 71 6 61 3
77 1 99 17
78 7 16 7 65 8 38 17 93 4 91 1 10 16 92 18
79 2 10 18 99 3
80 3 57 17 26 11 54 13
81 4 71 5 5 10 92 13 3 4
82 2 19 18 92 11
83 3 23 19 8 20 66 8
84 3 85 12 11 15 44 2
85 9 34 9 38 3 70 1 80 15 60 9 15 3 48 4 94 10 21 16
86 7 34 14 46 15 92 3 19 14 73 6 42 13 36 17
87 0
88 4 63 11 86 10 64 12 54 1
89 2 69 18 33 14
90 4 3 7 0 13 62 7 80 6
91 3 93 15 13 11 20 14
92 1 47 6
93 2 75 6 27 15
94 2 38 17 14 7
95 2 42 13 48 16
96 4 64 1 48 20 88 20 84 14
97 1 46 2
98 2 68 12 37 19
99 2 20 13 25 9
SOURCE 0
